1 17 0.48249594243676863
19 20 0.44813744947509215
11 7 0.4057068067940154
9 1 0.6576951194097036
7 4 0.8604197851927725
3 14 0.29479631705222314
16 11 0.4839344239037172
7 11 0.6026620101194272
4 17 0.6865056680266463
9 3 0.5426946470494771
8 15 0.35855785454565725
2 4 0.6409580351434858
14 16 0.2765789492158285
12 20 0.645438385740956
4 17 0.7027703626663491
8 20 0.8218482232543646
14 9 0.8781758380682255
2 9 0.7637945092879239
10 18 0.712979829001697
16 10 0.7337580068453711
11 15 0.45779359772182415
11 18 0.2002920623757942
6 8 0.6544478855189791
4 17 0.7709321959545334
14 14 0.7944935625697622
11 4 0.1952381563290745
15 7 0.4653241538003966
2 6 0.6288570264200964
9 17 0.12317038383680086
10 7 0.8000613006419184
7 12 0.5197983976453543
16 20 0.9159108279717644
6 4 0.2331672798789803
18 14 0.7632445345808835
16 4 0.6929666638997465
11 4 0.19259638472359047
9 15 0.47348521497716667
17 20 0.8368391884034403
13 1 0.28507208139990353
15 3 0.3991303135554368
20 3 0.20906508367123272
4 18 0.43250172847259416
4 5 0.5939033423501698
5 11 0.6931124736249028
16 16 0.23890303701553917
16 7 0.3259138580541732
18 17 0.23084206622290254
17 9 0.9108067077229731
11 4 0.5064100811849783
18 2 0.748706354517526
13 13 0.9851681720222897
19 16 0.7223334610067652
1 9 0.27233012099908127
16 11 0.14914740864352447
15 5 0.9247035904991874
18 17 0.6354394326280994
7 3 0.21719076243769525
11 9 0.2502828732521653
9 15 0.17660832823488526
2 5 0.5319356092310544
15 17 0.30876544407011114
19 17 0.8113075501234135
14 1 0.12553447904702136
2 15 0.43859088974867755
12 12 0.7469004658078171
5 19 0.2823682009150452
15 20 0.4793939764492402
4 12 0.5345235410993872
3 15 0.5424623078710477
5 6 0.9883143850705524
